32
17
12 9 14 11 4 0 0 12 5 0 3 10 13 12 2 11 10 16 13 4 2 10 13 7 7 0 5 7 0 9 0 11
0 9 7 16 11 6 3 15 0 9 1 13 2 10 2 1 10 6 15 2 16 0 3 6 15 14 9 4 6 13 4 8
14 16 4 6 4 6 10 8 5 2 4 4 5 12 15 13 15 7 14 16 13 11 12 2 1 13 3 4 0 1 10 8
16 2 3 13 11 12 9 13 7 12 2 13 11 5 2 12 5 10 9 4 8 3 0 4 5 14 3 9 2 13 15 2
5 9 11 3 9 16 7 10 9 12 11 13 3 6 3 3 15 12 4 14 1 12 2 12 9 10 16 8 14 14 4 0
6 15 4 15 16 2 4 0 4 12 8 0 14 9 6 8 8 15 12 5 14 11 16 8 14 1 5 12 15 15 0 4
6 14 12 14 12 3 7 16 11 14 3 15 14 3 9 6 0 13 0 8 4 9 10 4 6 2 11 15 2 3 3 3
11 13 4 15 4 13 3 7 1 2 13 4 6 13 5 15 15 0 11 9 15 3 3 13 15 15 8 16 15 15 3 3
9 5 7 1 10 0 4 6 4 13 7 14 16 15 0 12 7 8 14 14 0 9 12 9 2 1 14 0 15 12 14 0
16 1 4 15 16 8 15 8 6 0 4 4 16 3 4 5 16 3 1 5 11 13 8 13 5 5 16 0 9 15 14 2
4 0 5 10 11 7 15 8 15 11 14 13 2 15 16 2 7 0 5 3 4 5 9 4 3 10 4 9 8 16 9 3
11 9 7 8 9 11 11 0 2 11 5 12 11 11 1 11 16 16 3 11 12 10 0 8 14 5 10 4 6 7 3 8
3 10 0 14 11 15 14 14 7 10 7 1 0 3 8 0 6 6 3 3 3 11 12 6 1 2 5 8 4 12 12 11
16 14 2 1 0 14 13 14 14 7 5 14 8 15 7 15 13 2 3 12 5 1 16 14 1 14 12 15 8 5 10 9
9 3 12 4 16 2 6 9 15 7 14 13 13 7 6 8 12 5 10 10 3 0 12 2 4 10 9 13 15 7 12 16
3 6 6 12 6 6 0 3 16 15 12 3 4 14 16 4 7 10 0 7 14 7 9 0 15 6 10 7 16 11 7 1
11 13 2 15 8 0 13 15 6 1 12 5 3 3 6 9 1 5 8 4 12 7 15 9 1 10 6 13 6 6 13 1
11 5 1 11 7 4 15 13 7 13 5 6 3 3 9 5 3 5 7 16 13 2 1 16 6 2 4 15 10 9 15 11
4 13 2 16 15 9 14 6 0 12 7 11 8 1 2 1 11 16 11 5 15 13 6 4 6 16 5 0 5 14 5 9
10 14 6 8 3 15 1 7 7 11 1 10 14 16 7 4 8 15 0 9 15 16 9 13 16 8 14 14 14 4 16 13
10 16 11 14 16 2 13 4 12 15 13 14 6 15 13 12 9 14 16 0 10 2 0 9 5 15 15 10 14 11 15 2
14 1 11 16 5 7 9 5 8 3 1 4 6 10 0 4 1 10 3 4 5 16 1 12 5 13 15 1 12 3 6 14
7 5 9 9 16 8 9 7 6 5 14 2 0 15 12 13 12 7 6 5 15 10 16 3 7 14 12 11 1 12 16 15
15 11 8 6 11 4 11 16 8 8 7 2 8 2 14 3 2 5 11 4 9 1 5 14 12 9 10 0 2 16 11 5
4 6 8 14 0 6 4 6 8 10 6 10 8 10 5 11 1 11 2 1 1 13 16 1 12 8 14 4 5 6 4 2
1 15 14 9 1 0 15 10 9 6 11 11 14 14 8 5 10 7 7 15 3 15 13 8 4 8 15 8 8 15 16 2
11 4 1 15 14 11 8 3 2 7 11 1 16 12 10 6 3 3 16 14 9 10 1 3 15 12 1 7 10 5 13 12
3 16 1 11 6 3 8 8 6 6 0 16 12 7 14 3 3 8 7 2 10 16 0 14 15 16 5 15 2 14 13 8
14 14 2 0 14 4 0 16 12 4 6 12 7 11 16 10 15 2 15 9 16 15 2 9 14 2 9 14 16 14 9 10
0 11 3 16 15 1 15 7 3 9 7 6 10 9 0 14 5 0 10 16 5 3 11 13 16 9 5 9 7 10 7 13
7 4 13 2 13 16 7 4 11 4 6 1 1 11 13 2 11 13 15 3 10 6 7 4 7 12 3 10 10 1 13 15
16 4 7 7 11 14 0 4 10 5 3 1 8 9 7 9 11 10 13 7 10 10 9 3 1 13 9 6 13 11 2 9

0 4 10 3 12 4 13 12 4 7 8 12 13 16 15 10 14 13 3 2 7 6 9 10 12 4 1 16 10 9 8 9
9 9 15 11 6 6 4 8 6 5 9 16 3 6 8 5 10 7 6 11 11 11 12 6 9 5 5 2 14 2 5 4
12 15 7 3 0 2 4 7 16 13 8 6 0 6 15 7 14 8 2 16 5 9 13 15 16 7 4 11 8 6 12 11
10 16 10 2 1 2 0 7 7 16 6 7 1 0 5 8 16 8 9 1 7 8 15 12 7 3 15 0 4 2 0 3
7 3 5 2 14 12 5 5 13 10 16 7 12 11 13 14 11 4 13 9 11 16 4 13 16 6 7 3 15 15 5 12
9 6 5 11 5 8 15 16 12 0 13 1 16 11 8 3 9 4 13 1 4 14 4 13 12 6 7 6 13 7 4 2
10 1 8 3 8 16 5 13 4 16 16 14 8 3 8 11 7 14 16 14 10 13 4 0 15 8 9 4 7 6 5 2
3 2 5 9 7 5 0 6 3 11 6 3 2 14 11 10 4 1 12 16 11 3 9 6 10 15 2 4 8 14 3 9
5 6 9 3 6 11 6 11 16 15 12 13 11 13 3 16 15 13 10 15 13 3 8 15 12 3 10 3 15 16 14 15
9 13 1 4 10 10 16 15 13 11 4 9 3 6 10 9 8 14 9 2 8 10 16 9 11 7 7 2 11 4 0 14
6 16 16 16 6 0 9 12 3 2 13 0 12 13 4 1 15 3 11 1 5 8 0 6 11 5 16 5 5 13 7 15
5 11 11 9 14 16 2 11 5 1 1 3 14 9 13 13 5 11 5 13 8 13 4 9 14 0 10 2 4 6 13 6
0 9 11 7 10 11 15 12 7 14 11 13 7 1 8 16 13 11 1 16 4 6 16 7 8 5 6 2 3 11 10 2
6 1 12 3 10 16 7 13 16 11 9 5 0 3 8 16 5 12 14 7 4 11 4 1 5 15 7 7 1 3 7 1
0 15 16 7 14 0 3 1 10 4 10 10 2 3 13 7 13 14 1 0 0 7 6 16 14 4 5 15 2 0 13 1
7 14 4 16 6 11 11 4 7 4 15 8 3 1 15 15 13 7 0 5 10 6 7 7 4 12 13 16 9 3 13 6
14 3 0 13 8 16 1 13 1 14 0 9 6 5 8 4 0 5 12 0 2 13 14 16 13 7 10 16 10 2 16 6
3 13 5 5 8 11 2 13 15 10 0 5 3 2 12 2 14 6 16 2 4 15 2 4 12 9 2 0 5 8 14 13
1 7 9 11 4 12 5 14 13 16 16 7 16 16 6 15 16 8 0 11 4 12 9 16 7 7 11 8 12 6 10 13
9 7 9 16 15 4 14 5 0 0 10 9 1 7 13 14 4 11 4 6 1 15 10 5 1 7 15 16 6 9 8 8
6 9 12 6 1 8 1 2 10 2 12 15 14 16 14 15 8 6 1 10 14 15 14 16 4 0 15 12 2 11 1 12
16 6 2 13 2 14 16 1 1 4 2 12 13 6 5 0 2 3 3 10 0 6 0 9 3 1 2 0 10 4 5 1
4 14 6 16 7 0 14 5 9 8 11 3 8 5 8 6 8 6 15 9 9 12 11 6 0 14 7 6 11 11 6 5
1 13 3 12 8 9 7 6 12 8 10 7 12 6 3 15 7 2 13 6 2 12 1 15 5 10 3 3 5 1 8 4
10 15 11 15 0 15 11 7 1 7 15 10 14 0 13 7 2 10 5 8 7 11 5 9 3 16 9 1 0 16 15 12
3 1 11 9 2 7 4 5 16 10 1 12 6 16 2 12 0 5 2 5 4 2 11 5 11 12 3 6 5 13 8 9
11 5 7 8 0 10 6 13 3 5 10 0 12 16 5 14 13 10 14 0 8 1 5 12 12 15 10 7 16 1 12 12
0 10 7 2 9 3 15 14 12 1 2 13 1 4 2 4 13 4 4 9 4 12 3 14 16 13 10 5 11 7 16 1
8 15 5 6 16 9 14 6 15 0 5 1 8 7 0 15 15 10 5 5 10 7 4 6 6 0 2 7 12 5 7 14
6 16 3 12 13 13 7 11 10 14 6 7 5 15 15 10 10 10 2 7 6 2 14 3 6 3 14 0 11 9 14 1
16 4 14 4 7 16 10 2 8 16 16 7 0 5 12 10 8 3 9 8 9 2 0 8 9 0 3 15 6 2 12 10
15 11 6 7 2 7 1 4 12 0 7 15 16 10 5 9 2 13 15 8 7 5 4 2 10 2 16 4 15 8 14 0
